10,195
10,157
10,295
10,161
10,299
10,261
10,255
10,233
11,4
11,18
11,13
11,26
11,17
11,27
11,24
8,10
8,13
8,15
36,7
36,6
36,5
36,4
36,3
36,1
35,5
35,4
35,3
35,1
34,105
34,104
34,103
34,102
34,101
34,100
34,99
34,98
34,97
34,96
34,95
34,94
34,93
34,92
34,91
34,90
34,89
34,88
34,87
34,86
34,85
34,84
34,83
34,82
34,81
34,80
34,79
34,78
34,77
34,76
34,5
34,1
34,4
34,3
34,2
34,0
32,5
32,3
32,1
30,4
30,3
30,1
29,5
29,4
29,3
29,1
28,5
28,3
28,1
26,4
26,3
26,1
25,4
25,3
25,1
20,3
20,2
20,1
19,3
19,2
19,1
18,3
18,1
14,5
14,4
2,1
2,3
14,3
14,1
13,3
13,1
12,3
12,2
12,1
11,23
11,19
11,16
11,12
11,11
11,9
11,8
11,3
11,2
11,1
10,241
